[[[0.60232601]
  [0.69670286]]]
[[[0.52139679]
  [0.61577364]]]
[[[0.55048261]
  [0.64485946]]]
[[[0.54133615]
  [0.63571301]]]
[[[0.56883035]
  [0.6632072 ]]]
[[[0.56429586]
  [0.65867272]]]
[[[0.60597298]
  [0.70034983]]]
[[[0.59978959]
  [0.69416645]]]
[[[0.52756081]
  [0.62193766]]]
[[[0.50589154]
  [0.60026839]]]
[[[0.61209068]
  [0.70646753]]]
[[[0.58819923]
  [0.68257609]]]
[[[0.53771404]
  [0.63209089]]]
[[[0.46553699]
  [0.55991384]]]
[[[0.52195743]
  [0.61633428]]]
[[[0.51614985]
  [0.61052671]]]
[[[0.44830025]
  [0.5426771 ]]]
[[[0.42926568]
  [0.52364254]]]
[[[0.50670156]
  [0.60107842]]]
[[[0.53642771]
  [0.63080456]]]
[[[0.55091212]
  [0.64528897]]]
[[[0.65334961]
  [0.74772647]]]
[[[0.6859639 ]
  [0.78034076]]]
[[[0.60414371]
  [0.69852057]]]
[[[0.50691006]
  [0.60128691]]]
[[[0.60398064]
  [0.69835749]]]
[[[0.60750363]
  [0.70188048]]]
[[[0.58880803]
  [0.68318489]]]
[[[0.45143688]
  [0.54581373]]]
[[[0.51438198]
  [0.60875883]]]
[[[0.51445076]
  [0.60882762]]]
[[[0.60640929]
  [0.70078614]]]
[[[0.5781717 ]
  [0.67254856]]]
[[[0.57065449]
  [0.66503134]]]
[[[0.65059886]
  [0.74497571]]]
[[[0.5530707 ]
  [0.64744755]]]
[[[0.60818908]
  [0.70256593]]]
[[[0.53522698]
  [0.62960383]]]
[[[0.61626205]
  [0.71063891]]]
[[[0.60666183]
  [0.70103868]]]
[[[0.63684187]
  [0.73121872]]]
[[[0.64704451]
  [0.74142137]]]
[[[0.60615686]
  [0.70053371]]]
[[[0.52998004]
  [0.62435689]]]
[[[0.43059522]
  [0.52497208]]]
[[[0.57878748]
  [0.67316433]]]
[[[0.53851006]
  [0.63288691]]]
[[[0.23353038]
  [0.32790723]]]
[[[0.59002117]
  [0.68439802]]]
[[[0.5257741 ]
  [0.62015095]]]
